-20543
-20533
-20523
-20513
-20433
-20423
-20413
-14122
-10543
-10541
-10533
-10531
-10523
-10521
-10513
-10511
-10433
-10431
-10423
-10421
-10413
-10411
-5554
-5544
-5542
-5534
-5532
-5524
-5522
-5514
-5512
-5444
-5442
-5434
-5432
-5424
-5422
-5414
-5412
-5342
-5334
-5332
-5324
-5322
-5314
-5312
-5242
-5232
-5224
-5222
-5214
-5212
-5142
-5132
-5122
-5114
-5112
-4444
-4434
-4432
-4424
-4422
-4414
-4412
-4334
-4332
-4324
-4322
-4314
-4312
-4232
-4224
-4222
-4214
-4212
-4132
-4124
-4122
-4114
-4112
-545
-543
-541
-535
-533
-531
-525
-523
-521
-515
-513
-511
-435
-433
-431
-425
-423
-421
-415
-413
-411
411
413
415
421
423
425
431
433
435
511
513
515
521
523
525
531
533
535
541
543
545
4112
4114
4122
4124
4132
4212
4214
4222
4224
4232
4312
4314
4322
4324
4332
4334
4412
4414
4422
4424
4432
4434
4444
5112
5114
5122
5132
5142
5212
5214
5222
5224
5232
5242
5312
5314
5322
5324
5332
5334
5342
5412
5414
5422
5424
5432
5434
5442
5444
5512
5514
5522
5524
5532
5534
5542
5544
5554
10411
10413
10421
10423
10431
10433
10511
10513
10521
10523
10531
10533
10541
10543
14122
20413
20423
20433
20513
20523
20533
20543
